Date,Total_cases,New_cases,seven_day_average_new_cases,seven_day_average_new_cases_log
10/2/20,63155,370,270.7142857,2.434112473
10/3/20,63453,298,268,2.42975228
10/4/20,63763,310,274.8571429,2.440684234
10/5/20,63918,155,256,2.409933123
10/6/20,64117,199,251.7142857,2.402629793
10/7/20,64365,248,250.4285714,2.400414628
10/8/20,64577,212,239.7142857,2.381501865
10/9/20,64917,340,269.8571429,2.432740293
10/10/20,65206,289,286.7142857,2.458961426
10/11/20,65441,235,280.8571429,2.450029045
10/12/20,65807,366,290,2.463892989
10/13/20,66124,317,288.7142857,2.461969911
10/14/20,66331,207,282,2.451786436
10/15/20,66607,276,293.7142857,2.469401188
10/16/20,66938,331,299.5714286,2.477947695
10/17/20,67180,242,306.2857143,2.48754237
10/18/20,67497,317,318.8571429,2.504956054
10/19/20,67904,407,334.1428571,2.525229968
10/20/20,68268,364,352.8571429,2.548827967
10/21/20,68563,295,381,2.582063363
10/22/20,68946,383,408.7142857,2.612481107
10/23/20,69408,462,415.8571429,2.619987248
10/24/20,69847,439,427.7142857,2.632167955
10/25/20,70358,511,447.1428571,2.651416479
10/26/20,70815,457,469,2.672097858
10/27/20,71262,447,491.1428571,2.692091186
10/28/20,71693,431,507.4285714,2.706229948
10/29/20,72229,536,506.1428571,2.705130313
10/30/20,72846,617,485.1428571,2.686763909
10/31/20,73399,553,478.2857143,2.680594484
11/1/20,73901,502,503.4285714,2.702799678
11/2/20,74211,310,523.5714286,2.719804633
11/3/20,74610,399,556.5714286,2.746300511
11/4/20,75217,607,606.1428571,2.78329089
11/5/20,75894,677,650,2.813580989
11/6/20,76742,848,672.5714286,2.828383657
11/7/20,77642,900,731.2857143,2.864680562
11/8/20,78451,809,779.8571429,2.892571587
11/9/20,78919,468,828.4285714,2.918778991
11/10/20,79729,810,868.8571429,2.939447934
11/11/20,80676,947,891.2857143,2.95050394
11/12/20,81693,1017,912.7142857,2.960810415
11/13/20,82824,1131,963.8571429,2.984463016
11/14/20,83881,1057,974,2.989004616
11/15/20,84840,959,986.8571429,2.994694144
11/16/20,85666,826,987.2857143,2.994882518
11/17/20,86547,881,956.4285714,2.981106383
11/18/20,87584,1037,979,2.991226076
11/19/20,88604,1020,994.2857143,2.997947771
11/20/20,89519,915,985.8571429,2.994254289
11/21/20,90734,1215,981.7142857,2.992427269
11/22/20,91800,1066,1004.571429,3.002412925
11/23/20,92567,767,1002,3.001300933
11/24/20,93419,852,1171.166667,3.068989367
11/25/20,94616,1197,1163,3.06595298
11/26/20,,,1175.833333,3.070714961
11/27/20,96546,1930,1123.666667,3.051023824
11/28/20,97712,1166,1166.833333,3.067380867
11/29/20,98855,1143,1261.833333,3.101346037
11/30/20,99309,454,1428.142857,3.155075643
12/1/20,100420,1111,1486,3.172310969
12/2/20,102187,1767,1637.142857,3.214351772
12/3/20,104613,2426,1759.428571,3.245618408
12/4/20,106948,2335,1842.142857,3.265558998
12/5/20,109172,2224,1903.571429,3.279797265
12/6/20,111171,1999,1949,3.290034611
12/7/20,112204,1033,1902.714286,3.279601769
12/8/20,113745,1541,1880.571429,3.27452071
12/9/20,115830,2085,1852.428571,3.267975854
12/10/20,117932,2102,1875,3.273232834
12/11/20,120112,2180,1961.142857,3.292730624
12/12/20,122139,2027,1971.142857,3.294938371
12/13/20,124296,2157,1979.857143,3.296853156
12/14/20,125932,1636,1973.857143,3.295535685
12/15/20,127543,1611,2017.571429,3.305044122
12/16/20,129689,2146,1962,3.2929203
12/17/20,131749,2060,1890,3.276691529
12/18/20,134235,2486,1878.857143,3.274124847
12/19/20,135873,1638,1867.142857,3.271410084
12/20/20,137526,1653,1813.857143,3.258842445
12/21/20,139084,1558,1831.142857,3.262959334
12/22/20,140613,1529,1722,3.236285277
12/23/20,142386,1773,1976.5,3.296116492
12/24/20,144567,2181,1918.166667,3.283112692
12/25/20,,,1934,3.286680969
12/26/20,147732,3165,1950.166667,3.290294368
12/27/20,149035,1303,2060.166667,3.31411311
12/28/20,150688,1653,2150,3.33264041
12/29/20,152314,1626,2150,3.33264041
12/30/20,154747,2433,2186.166667,3.339881878
12/31/20,157467,2720,2183.166667,3.339285775
1/1/21,,,2191.833333,3.341005624
1/2/21,160849,3382,2208.5,3.344294006
1/3/21,162134,1285,2237.5,3.349957099
1/4/21,163839,1705,2266.666667,3.355579216
1/5/21,165565,1726,2384.142857,3.377514396
1/6/21,168172,2607,2301.714286,3.362240055
1/7/21,171067,2895,2417.714286,3.38358457
1/8/21,174156,3089,2429.714286,3.385733913
1/9/21,176961,2805,2484.714286,3.395451208
1/10/21,179058,2097,2400.571429,3.380495508
1/11/21,180847,1789,2306.142857,3.363074487
1/12/21,182958,2111,2160.857143,3.334826992
1/13/21,184976,2018,2085.142857,3.319344045
1/14/21,187210,2234,2035.857143,3.30896057
1/15/21,189282,2072,1974.428571,3.295661331
1/16/21,191557,2275,1815.571429,3.259252479
1/17/21,193309,1752,1750.142857,3.243321577
1/18/21,194668,1359,1700.714286,3.230886645
1/19/21,195667,999,1699.285714,3.230521906
1/20/21,197227,1560,1631.428571,3.212834187
1/21/21,199115,1888,1618.571429,3.209400107
1/22/21,201177,2062,1642.714286,3.21582633
1/23/21,202977,1800,1619.714286,3.20970646
1/24/21,204639,1662,1600.285714,3.204468829
1/25/21,206167,1528,1576.714286,3.198028358
,,,,
,,,,
,,,,
,,,,
,,,,
,,,,
,,,,
,,,,
,,,,
,,,,
,,,,
,,,,
,,,,
,,,,
,,,,
,,,,
,,,,
,,,,
,,,,
,,,,
,,,,
,,,,
,,,,
,,,,
,,,,
,,,,
,,,,
,,,,
,,,,
,,,,
,,,,
,,,,
,,,,
,,,,
,,,,
,,,,
,,,,
,,,,
,,,,
,,,,
,,,,
,,,,
,,,,
,,,,
,,,,
,,,,
,,,,
,,,,
,,,,
,,,,
,,,,
,,,,
,,,,
,,,,
,,,,
,,,,
,,,,
,,,,
,,,,
,,,,
,,,,
,,,,
,,,,
,,,,
,,,,
,,,,
,,,,
,,,,
,,,,
,,,,
,,,,
,,,,
,,,,
,,,,
,,,,
,,,,
,,,,
,,,,
,,,,
,,,,
,,,,
,,,,
,,,,
,,,,
,,,,
,,,,
,,,,
,,,,
,,,,
,,,,
,,,,
,,,,
,,,,
,,,,
,,,,
,,,,
,,,,
,,,,
,,,,
,,,,
,,,,
,,,,
,,,,
,,,,
,,,,
,,,,
,,,,
,,,,
,,,,
,,,,
,,,,
,,,,
,,,,
,,,,
,,,,
,,,,
,,,,
,,,,
,,,,
,,,,
,,,,
,,,,
,,,,
,,,,
,,,,
,,,,
,,,,
,,,,
,,,,
,,,,
,,,,
,,,,
,,,,