Date,Total_cases,New_cases,seven_day_average_new_cases,seven_day_average_new_cases_log,Time,cumulativecases
10/2/20,63155.0,370.0,270.7142857,2.434112473,0,370.0
10/3/20,63453.0,298.0,268.0,2.42975228,1,668.0
10/4/20,63763.0,310.0,274.8571429,2.440684234,2,978.0
10/5/20,63918.0,155.0,256.0,2.409933123,3,1133.0
10/6/20,64117.0,199.0,251.7142857,2.402629793,4,1332.0
10/7/20,64365.0,248.0,250.4285714,2.400414628,5,1580.0
10/8/20,64577.0,212.0,239.7142857,2.381501865,6,1792.0
10/9/20,64917.0,340.0,269.8571429,2.432740293,7,2132.0
10/10/20,65206.0,289.0,286.7142857,2.458961426,8,2421.0
10/11/20,65441.0,235.0,280.8571429,2.450029045,9,2656.0
10/12/20,65807.0,366.0,290.0,2.463892989,10,3022.0
10/13/20,66124.0,317.0,288.7142857,2.461969911,11,3339.0
10/14/20,66331.0,207.0,282.0,2.451786436,12,3546.0
10/15/20,66607.0,276.0,293.7142857,2.469401188,13,3822.0
10/16/20,66938.0,331.0,299.5714286,2.477947695,14,4153.0
10/17/20,67180.0,242.0,306.2857143,2.48754237,15,4395.0
10/18/20,67497.0,317.0,318.8571429,2.504956054,16,4712.0
10/19/20,67904.0,407.0,334.1428571,2.525229968,17,5119.0
10/20/20,68268.0,364.0,352.8571429,2.548827967,18,5483.0
10/21/20,68563.0,295.0,381.0,2.582063363,19,5778.0
10/22/20,68946.0,383.0,408.7142857,2.612481107,20,6161.0
10/23/20,69408.0,462.0,415.8571429,2.619987248,21,6623.0
10/24/20,69847.0,439.0,427.7142857,2.632167955,22,7062.0
10/25/20,70358.0,511.0,447.1428571,2.651416479,23,7573.0
10/26/20,70815.0,457.0,469.0,2.672097858,24,8030.0
10/27/20,71262.0,447.0,491.1428571,2.692091186,25,8477.0
10/28/20,71693.0,431.0,507.4285714,2.706229948,26,8908.0
10/29/20,72229.0,536.0,506.1428571,2.705130313,27,9444.0
10/30/20,72846.0,617.0,485.1428571,2.686763909,28,10061.0
10/31/20,73399.0,553.0,478.2857143,2.680594484,29,10614.0
11/1/20,73901.0,502.0,503.4285714,2.702799678,30,11116.0
11/2/20,74211.0,310.0,523.5714286,2.719804633,31,11426.0
11/3/20,74610.0,399.0,556.5714286,2.746300511,32,11825.0
11/4/20,75217.0,607.0,606.1428571,2.78329089,33,12432.0
11/5/20,75894.0,677.0,650.0,2.813580989,34,13109.0
11/6/20,76742.0,848.0,672.5714286,2.828383657,35,13957.0
11/7/20,77642.0,900.0,731.2857143,2.864680562,36,14857.0
11/8/20,78451.0,809.0,779.8571429,2.892571587,37,15666.0
11/9/20,78919.0,468.0,828.4285714,2.918778991,38,16134.0
11/10/20,79729.0,810.0,868.8571429,2.939447934,39,16944.0
11/11/20,80676.0,947.0,891.2857143,2.95050394,40,17891.0
11/12/20,81693.0,1017.0,912.7142857,2.960810415,41,18908.0
11/13/20,82824.0,1131.0,963.8571429,2.984463016,42,20039.0
11/14/20,83881.0,1057.0,974.0,2.989004616,43,21096.0
11/15/20,84840.0,959.0,986.8571429,2.994694144,44,22055.0
11/16/20,85666.0,826.0,987.2857143,2.994882518,45,22881.0
11/17/20,86547.0,881.0,956.4285714,2.981106383,46,23762.0
11/18/20,87584.0,1037.0,979.0,2.991226076,47,24799.0
11/19/20,88604.0,1020.0,994.2857143,2.997947771,48,25819.0
11/20/20,89519.0,915.0,985.8571429,2.994254289,49,26734.0
11/21/20,90734.0,1215.0,981.7142857,2.992427269,50,27949.0
11/22/20,91800.0,1066.0,1004.571429,3.002412925,51,29015.0
11/23/20,92567.0,767.0,1002.0,3.001300933,52,29782.0
11/24/20,93419.0,852.0,1171.166667,3.068989367,53,30634.0
11/25/20,94616.0,1197.0,1163.0,3.06595298,54,31831.0
11/26/20,,,1175.833333,3.070714961,55,
11/27/20,96546.0,1930.0,1123.666667,3.051023824,56,33761.0
11/28/20,97712.0,1166.0,1166.833333,3.067380867,57,34927.0
11/29/20,98855.0,1143.0,1261.833333,3.101346037,58,36070.0
11/30/20,99309.0,454.0,1428.142857,3.155075643,59,36524.0
12/1/20,100420.0,1111.0,1486.0,3.172310969,60,37635.0
12/2/20,102187.0,1767.0,1637.142857,3.214351772,61,39402.0
12/3/20,104613.0,2426.0,1759.428571,3.245618408,62,41828.0
12/4/20,106948.0,2335.0,1842.142857,3.265558998,63,44163.0
12/5/20,109172.0,2224.0,1903.571429,3.279797265,64,46387.0
12/6/20,111171.0,1999.0,1949.0,3.290034611,65,48386.0
12/7/20,112204.0,1033.0,1902.714286,3.279601769,66,49419.0
12/8/20,113745.0,1541.0,1880.571429,3.27452071,67,50960.0
12/9/20,115830.0,2085.0,1852.428571,3.267975854,68,53045.0
12/10/20,117932.0,2102.0,1875.0,3.273232834,69,55147.0
12/11/20,120112.0,2180.0,1961.142857,3.292730624,70,57327.0
12/12/20,122139.0,2027.0,1971.142857,3.294938371,71,59354.0
12/13/20,124296.0,2157.0,1979.857143,3.296853156,72,61511.0
12/14/20,125932.0,1636.0,1973.857143,3.295535685,73,63147.0
12/15/20,127543.0,1611.0,2017.571429,3.305044122,74,64758.0
12/16/20,129689.0,2146.0,1962.0,3.2929203,75,66904.0
12/17/20,131749.0,2060.0,1890.0,3.276691529,76,68964.0
12/18/20,134235.0,2486.0,1878.857143,3.274124847,77,71450.0
12/19/20,135873.0,1638.0,1867.142857,3.271410084,78,73088.0
12/20/20,137526.0,1653.0,1813.857143,3.258842445,79,74741.0
12/21/20,139084.0,1558.0,1831.142857,3.262959334,80,76299.0
12/22/20,140613.0,1529.0,1722.0,3.236285277,81,77828.0
12/23/20,142386.0,1773.0,1976.5,3.296116492,82,79601.0
12/24/20,144567.0,2181.0,1918.166667,3.283112692,83,81782.0
12/25/20,,,1934.0,3.286680969,84,
12/26/20,147732.0,3165.0,1950.166667,3.290294368,85,84947.0
12/27/20,149035.0,1303.0,2060.166667,3.31411311,86,86250.0
12/28/20,150688.0,1653.0,2150.0,3.33264041,87,87903.0
12/29/20,152314.0,1626.0,2150.0,3.33264041,88,89529.0
12/30/20,154747.0,2433.0,2186.166667,3.339881878,89,91962.0
12/31/20,157467.0,2720.0,2183.166667,3.339285775,90,94682.0
1/1/21,,,2191.833333,3.341005624,91,
1/2/21,160849.0,3382.0,2208.5,3.344294006,92,98064.0
1/3/21,162134.0,1285.0,2237.5,3.349957099,93,99349.0
1/4/21,163839.0,1705.0,2266.666667,3.355579216,94,101054.0
1/5/21,165565.0,1726.0,2384.142857,3.377514396,95,102780.0
1/6/21,168172.0,2607.0,2301.714286,3.362240055,96,105387.0
1/7/21,171067.0,2895.0,2417.714286,3.38358457,97,108282.0
1/8/21,174156.0,3089.0,2429.714286,3.385733913,98,111371.0
1/9/21,176961.0,2805.0,2484.714286,3.395451208,99,114176.0
1/10/21,179058.0,2097.0,2400.571429,3.380495508,100,116273.0
1/11/21,180847.0,1789.0,2306.142857,3.363074487,101,118062.0
1/12/21,182958.0,2111.0,2160.857143,3.334826992,102,120173.0
1/13/21,184976.0,2018.0,2085.142857,3.319344045,103,122191.0
1/14/21,187210.0,2234.0,2035.857143,3.30896057,104,124425.0
1/15/21,189282.0,2072.0,1974.428571,3.295661331,105,126497.0
1/16/21,191557.0,2275.0,1815.571429,3.259252479,106,128772.0
1/17/21,193309.0,1752.0,1750.142857,3.243321577,107,130524.0
1/18/21,194668.0,1359.0,1700.714286,3.230886645,108,131883.0
1/19/21,195667.0,999.0,1699.285714,3.230521906,109,132882.0
1/20/21,197227.0,1560.0,1631.428571,3.212834187,110,134442.0
1/21/21,199115.0,1888.0,1618.571429,3.209400107,111,136330.0
1/22/21,201177.0,2062.0,1642.714286,3.21582633,112,138392.0
1/23/21,202977.0,1800.0,1619.714286,3.20970646,113,140192.0
1/24/21,204639.0,1662.0,1600.285714,3.204468829,114,141854.0
1/25/21,206167.0,1528.0,1576.714286,3.198028358,115,143382.0
,,,,,116,
,,,,,117,
,,,,,118,
,,,,,119,
,,,,,120,
,,,,,121,
,,,,,122,
,,,,,123,
,,,,,124,
,,,,,125,
,,,,,126,
,,,,,127,
,,,,,128,
,,,,,129,
,,,,,130,
,,,,,131,
,,,,,132,
,,,,,133,
,,,,,134,
,,,,,135,
,,,,,136,
,,,,,137,
,,,,,138,
,,,,,139,
,,,,,140,
,,,,,141,
,,,,,142,
,,,,,143,
,,,,,144,
,,,,,145,
,,,,,146,
,,,,,147,
,,,,,148,
,,,,,149,
,,,,,150,
,,,,,151,
,,,,,152,
,,,,,153,
,,,,,154,
,,,,,155,
,,,,,156,
,,,,,157,
,,,,,158,
,,,,,159,
,,,,,160,
,,,,,161,
,,,,,162,
,,,,,163,
,,,,,164,
,,,,,165,
,,,,,166,
,,,,,167,
,,,,,168,
,,,,,169,
,,,,,170,
,,,,,171,
,,,,,172,
,,,,,173,
,,,,,174,
,,,,,175,
,,,,,176,
,,,,,177,
,,,,,178,
,,,,,179,
,,,,,180,
,,,,,181,
,,,,,182,
,,,,,183,
,,,,,184,
,,,,,185,
,,,,,186,
,,,,,187,
,,,,,188,
,,,,,189,
,,,,,190,
,,,,,191,
,,,,,192,
,,,,,193,
,,,,,194,
,,,,,195,
,,,,,196,
,,,,,197,
,,,,,198,
,,,,,199,
,,,,,200,
,,,,,201,
,,,,,202,
,,,,,203,
,,,,,204,
,,,,,205,
,,,,,206,
,,,,,207,
,,,,,208,
,,,,,209,
,,,,,210,
,,,,,211,
,,,,,212,
,,,,,213,
,,,,,214,
,,,,,215,
,,,,,216,
,,,,,217,
,,,,,218,
,,,,,219,
,,,,,220,
,,,,,221,
,,,,,222,
,,,,,223,
,,,,,224,
,,,,,225,
,,,,,226,
,,,,,227,
,,,,,228,
,,,,,229,
,,,,,230,
,,,,,231,
,,,,,232,
,,,,,233,
,,,,,234,
,,,,,235,
,,,,,236,
,,,,,237,
,,,,,238,
,,,,,239,
,,,,,240,
,,,,,241,
,,,,,242,
,,,,,243,
,,,,,244,
,,,,,245,
,,,,,246,
,,,,,247,
,,,,,248,
